 rank=            0  b=    6.00000000       7.00000000       8.00000000       9.00000000       13.0000000       14.0000000    
 rank=            1  b=    6.00000000       7.00000000       8.00000000       9.00000000       13.0000000       14.0000000    
 rank=            2  b=    6.00000000       7.00000000       8.00000000       9.00000000       13.0000000       14.0000000    
 rank=            3  b=    6.00000000       7.00000000       8.00000000       9.00000000       13.0000000       14.0000000    
