 rank=            0  b=    1.00000000       5.00000000       9.00000000       13.0000000    
 rank=            2  b=    3.00000000       7.00000000       11.0000000       15.0000000    
 rank=            1  b=    2.00000000       6.00000000       10.0000000       14.0000000    
 rank=            3  b=    4.00000000       8.00000000       12.0000000       16.0000000    
