 rank=            0  p(3)=    3.00000000      -3.00000000       3.00000000      0.250000000               3           1
 rank=            1  p(3)=    3.00000000      -3.00000000       3.00000000      0.250000000               3           1
 rank=            2  p(3)=    3.00000000      -3.00000000       3.00000000      0.250000000               3           1
 rank=            3  p(3)=    3.00000000      -3.00000000       3.00000000      0.250000000               3           1
