 rank=            0  b=    1.00000000       2.00000000       3.00000000       4.00000000    
 rank=            1  b=    5.00000000       6.00000000       7.00000000       8.00000000    
 rank=            2  b=    9.00000000       10.0000000       11.0000000       12.0000000    
 rank=            3  b=    13.0000000       14.0000000       15.0000000       16.0000000    
